latitude=25.413939
longitude=77.663149
